image_width: 960
image_height: 720
camera_name: head_camera
camera_matrix:
  rows: 3
  cols: 3
  data: [1185.223343, 0.000000, 384.527765, 0.000000, 1186.895219, 388.488222, 0.000000, 0.000000, 1.000000]
distortion_model: plumb_bob
distortion_coefficients:
  rows: 1
  cols: 5
  data: [0.047612, -0.179456, 0.004164, 0.000482, 0.000000]
rectification_matrix:
  rows: 3
  cols: 3
  data: [1.000000, 0.000000, 0.000000, 0.000000, 1.000000, 0.000000, 0.000000, 0.000000, 1.000000]
projection_matrix:
  rows: 3
  cols: 4
  data: [1189.068237, 0.000000, 384.061651, 0.000000, 0.000000, 1190.591919, 390.089365, 0.000000, 0.000000, 0.000000, 1.000000, 0.000000]

